place(2.673, -6.368, 6.834, "Brawler", 600)
place(4.216, -6.368, 11.174, "Brawler", 600)
place(7.870, -6.368, 8.349, "Scout", 250)
place(8.493, -6.368, 11.308, "Scout", 250)
place(5.987, -6.368, 13.038, "Scout", 250)
place(9.653, -6.368, 14.154, "Scout", 250)
place(7.153, -6.368, 15.849, "Scout", 250)
place(6.149, -6.368, 18.725, "Scout", 250)
place(9.942, -6.368, 17.167, "Scout", 250)
place(1.567, -6.368, 20.150, "Scout", 250)
place(-1.419, -6.368, 20.547, "Scout", 250)
place(-3.900, -6.368, 18.712, "Scout", 250)
place(8.937, -6.368, 20.021, "Scout", 250)
place(12.949, -6.368, 17.546, "Scout", 250)
place(15.978, -6.368, 17.673, "Scout", 250)
place(-6.205, -6.368, 16.566, "Scout", 250)
place(19.032, -6.368, 17.151, "Scout", 250)
place(-3.340, -6.368, 22.926, "Scout", 250)
place(-5.978, -6.368, 20.892, "Scout", 250)
upgrade(-6.205, -5.018, 16.566, 150)
upgrade(-3.900, -5.018, 18.712, 150)
upgrade(-1.419, -5.018, 20.547, 150)
upgrade(1.567, -5.018, 20.150, 150)
upgrade(-3.340, -5.018, 22.926, 150)
upgrade(7.870, -5.018, 8.349, 150)
upgrade(8.493, -5.018, 11.308, 150)
upgrade(5.987, -5.018, 13.038, 150)
upgrade(7.153, -5.018, 15.849, 150)
upgrade(9.653, -5.018, 14.154, 150)
upgrade(9.942, -5.018, 17.167, 150)
upgrade(6.149, -5.018, 18.725, 150)
upgrade(8.937, -5.018, 20.021, 150)
upgrade(12.949, -5.018, 17.546, 150)
upgrade(15.978, -5.018, 17.673, 150)
upgrade(19.032, -5.018, 17.151, 150)
upgrade(7.870, -5.018, 8.349, 500)
upgrade(8.493, -5.018, 11.308, 500)
upgrade(5.987, -5.018, 13.038, 500)
upgrade(9.653, -5.018, 14.154, 500)
